2.823630000000000000e+15 2.298510000000000218e+03
2.307170000000000000e+15 2.148840000000000146e+03
2.148910000000000000e+15 2.098539999999999964e+03
2.136130000000000000e+15 2.094369999999999891e+03
2.174140000000000000e+15 2.106719999999999800e+03
2.167120000000000000e+15 2.104449999999999818e+03
1.822840000000000000e+15 1.986529999999999973e+03
2.311300000000000000e+15 2.150119999999999891e+03
1.807410000000000000e+15 1.980900000000000091e+03
1.663660000000000000e+15 1.926930000000000064e+03
1.624400000000000000e+15 1.911650000000000091e+03
1.525540000000000000e+15 1.872059999999999945e+03
1.431420000000000000e+15 1.832740000000000009e+03
1.370690000000000000e+15 1.806440000000000055e+03
1.620880000000000000e+15 1.910269999999999982e+03
1.663000000000000000e+15 1.926680000000000064e+03
1.188350000000000000e+15 1.722500000000000000e+03
1.444940000000000000e+15 1.838490000000000009e+03
1.408690000000000000e+15 1.822980000000000018e+03
1.235790000000000000e+15 1.745130000000000109e+03
1.424530000000000000e+15 1.829789999999999964e+03
1.137960000000000000e+15 1.697799999999999955e+03
1.444590000000000000e+15 1.838339999999999918e+03
1.443890000000000000e+15 1.838049999999999955e+03
1.383010000000000000e+15 1.811839999999999918e+03
1.429750000000000000e+15 1.832019999999999982e+03
1.457650000000000000e+15 1.843869999999999891e+03
1.168470000000000000e+15 1.712839999999999918e+03
1.344120000000000000e+15 1.794690000000000055e+03
1.418620000000000000e+15 1.827259999999999991e+03
1.213680000000000000e+15 1.734650000000000091e+03
1.314530000000000000e+15 1.781430000000000064e+03
1.388160000000000000e+15 1.814079999999999927e+03
1.407250000000000000e+15 1.822359999999999900e+03
1.274260000000000000e+15 1.763049999999999955e+03
1.362360000000000000e+15 1.802779999999999973e+03
1.328860000000000000e+15 1.787880000000000109e+03
8.105970000000000000e+14 1.516279999999999973e+03
1.228150000000000000e+15 1.741519999999999982e+03
1.228400000000000000e+15 1.741640000000000100e+03
1.343270000000000000e+15 1.794309999999999945e+03
1.265710000000000000e+15 1.759089999999999918e+03
1.289620000000000000e+15 1.770099999999999909e+03
1.285450000000000000e+15 1.768200000000000045e+03
1.094720000000000000e+15 1.676019999999999982e+03
1.206460000000000000e+15 1.731210000000000036e+03
4.873630000000000000e+14 1.279759999999999991e+03
1.160430000000000000e+15 1.708900000000000091e+03
1.333870000000000000e+15 1.790119999999999891e+03
1.200230000000000000e+15 1.728220000000000027e+03
1.241630000000000000e+15 1.747869999999999891e+03
1.202230000000000000e+15 1.729180000000000064e+03
1.082430000000000000e+15 1.669720000000000027e+03
1.247890000000000000e+15 1.750799999999999955e+03
1.133040000000000000e+15 1.695349999999999909e+03
1.180750000000000000e+15 1.718819999999999936e+03
1.295680000000000000e+15 1.772869999999999891e+03
1.135340000000000000e+15 1.696500000000000000e+03
1.173110000000000000e+15 1.715109999999999900e+03
1.189500000000000000e+15 1.723059999999999945e+03
1.162940000000000000e+15 1.710140000000000100e+03
1.191290000000000000e+15 1.723920000000000073e+03
1.214800000000000000e+15 1.735190000000000055e+03
1.137410000000000000e+15 1.697529999999999973e+03
1.032410000000000000e+15 1.643599999999999909e+03
1.075990000000000000e+15 1.666400000000000091e+03
1.163610000000000000e+15 1.710460000000000036e+03
9.275040000000000000e+14 1.585930000000000064e+03
8.522000000000000000e+14 1.541789999999999964e+03
1.143340000000000000e+15 1.700470000000000027e+03
1.120690000000000000e+15 1.689170000000000073e+03
1.132480000000000000e+15 1.695069999999999936e+03
1.272270000000000000e+15 1.762130000000000109e+03
1.028910000000000000e+15 1.641740000000000009e+03
1.058640000000000000e+15 1.657400000000000091e+03
1.057900000000000000e+15 1.657019999999999982e+03
1.036080000000000000e+15 1.645539999999999964e+03
9.711700000000000000e+14 1.610440000000000055e+03
1.021860000000000000e+15 1.637980000000000018e+03
9.170210000000000000e+14 1.579930000000000064e+03
1.085770000000000000e+15 1.671440000000000055e+03
1.077850000000000000e+15 1.667369999999999891e+03
1.088810000000000000e+15 1.673000000000000000e+03
1.034530000000000000e+15 1.644720000000000027e+03
9.918120000000000000e+14 1.621759999999999991e+03
9.452590000000000000e+14 1.595980000000000018e+03
1.093390000000000000e+15 1.675339999999999918e+03
1.038110000000000000e+15 1.646609999999999900e+03
9.336770000000000000e+14 1.589440000000000055e+03
1.014300000000000000e+15 1.633930000000000064e+03
1.031290000000000000e+15 1.643000000000000000e+03
9.612210000000000000e+14 1.604920000000000073e+03
1.021370000000000000e+15 1.637720000000000027e+03
1.036820000000000000e+15 1.645930000000000064e+03
1.039740000000000000e+15 1.647480000000000018e+03
9.971930000000000000e+14 1.624690000000000055e+03
9.557180000000000000e+14 1.601849999999999909e+03
1.006210000000000000e+15 1.629579999999999927e+03
9.621820000000000000e+14 1.605450000000000045e+03
1.068580000000000000e+15 1.662569999999999936e+03
1.024230000000000000e+15 1.639240000000000009e+03
9.841250000000000000e+14 1.617559999999999945e+03
9.904380000000000000e+14 1.621019999999999982e+03
8.976880000000000000e+14 1.568750000000000000e+03
9.337600000000000000e+14 1.589490000000000009e+03
8.802740000000000000e+14 1.558539999999999964e+03
9.315770000000000000e+14 1.588250000000000000e+03
8.918490000000000000e+14 1.565339999999999918e+03
9.753790000000000000e+14 1.612759999999999991e+03
8.311780000000000000e+14 1.529009999999999991e+03
9.052070000000000000e+14 1.573119999999999891e+03
9.668540000000000000e+14 1.608049999999999955e+03
9.043880000000000000e+14 1.572640000000000100e+03
9.563480000000000000e+14 1.602200000000000045e+03
8.426360000000000000e+14 1.536000000000000000e+03
9.814800000000000000e+14 1.616109999999999900e+03
9.046370000000000000e+14 1.572789999999999964e+03
9.080260000000000000e+14 1.574750000000000000e+03
8.705090000000000000e+14 1.552750000000000000e+03
8.991140000000000000e+14 1.569579999999999927e+03
9.265820000000000000e+14 1.585400000000000091e+03
9.197500000000000000e+14 1.581500000000000000e+03
9.434410000000000000e+14 1.594960000000000036e+03
9.438330000000000000e+14 1.595180000000000064e+03
9.436960000000000000e+14 1.595099999999999909e+03
8.695460000000000000e+14 1.552180000000000064e+03
9.473320000000000000e+14 1.597150000000000091e+03
8.002910000000000000e+14 1.509829999999999927e+03
9.608970000000000000e+14 1.604740000000000009e+03
9.225590000000000000e+14 1.583099999999999909e+03
8.182680000000000000e+14 1.521049999999999955e+03
8.090970000000000000e+14 1.515349999999999909e+03
9.358220000000000000e+14 1.590650000000000091e+03
8.431170000000000000e+14 1.536289999999999964e+03
8.958970000000000000e+14 1.567700000000000045e+03
9.050270000000000000e+14 1.573009999999999991e+03
9.048970000000000000e+14 1.572940000000000055e+03
8.275680000000000000e+14 1.526789999999999964e+03
9.215650000000000000e+14 1.582539999999999964e+03
9.130510000000000000e+14 1.577650000000000091e+03
9.254190000000000000e+14 1.584740000000000009e+03
9.391830000000000000e+14 1.592559999999999945e+03
8.454560000000000000e+14 1.537710000000000036e+03
8.224300000000000000e+14 1.523619999999999891e+03
8.320580000000000000e+14 1.529549999999999955e+03
8.713260000000000000e+14 1.553240000000000009e+03
8.365060000000000000e+14 1.532269999999999982e+03
7.720320000000000000e+14 1.491839999999999918e+03
7.863460000000000000e+14 1.501009999999999991e+03
8.856670000000000000e+14 1.561710000000000036e+03
7.859690000000000000e+14 1.500769999999999982e+03
8.264750000000000000e+14 1.526119999999999891e+03
8.837480000000000000e+14 1.560589999999999918e+03
8.430350000000000000e+14 1.536240000000000009e+03
8.347540000000000000e+14 1.531200000000000045e+03
8.984320000000000000e+14 1.569180000000000064e+03
7.843360000000000000e+14 1.499730000000000018e+03
8.537510000000000000e+14 1.542720000000000027e+03
9.051620000000000000e+14 1.573089999999999918e+03
8.548090000000000000e+14 1.543359999999999900e+03
8.227870000000000000e+14 1.523839999999999918e+03
7.964300000000000000e+14 1.507400000000000091e+03
8.425620000000000000e+14 1.535960000000000036e+03
8.798640000000000000e+14 1.558299999999999955e+03
7.694580000000000000e+14 1.490180000000000064e+03
8.148400000000000000e+14 1.518920000000000073e+03
8.460560000000000000e+14 1.538079999999999927e+03
7.712750000000000000e+14 1.491359999999999900e+03
7.330470000000000000e+14 1.466299999999999955e+03
8.946700000000000000e+14 1.566990000000000009e+03
7.241540000000000000e+14 1.460339999999999918e+03
7.926060000000000000e+14 1.504980000000000018e+03
8.530320000000000000e+14 1.542289999999999964e+03
7.751350000000000000e+14 1.493839999999999918e+03
7.352180000000000000e+14 1.467740000000000009e+03
7.330150000000000000e+14 1.466279999999999973e+03
8.022560000000000000e+14 1.511059999999999945e+03
7.723900000000000000e+14 1.492069999999999936e+03
8.313310000000000000e+14 1.529099999999999909e+03
8.407770000000000000e+14 1.534869999999999891e+03
8.358570000000000000e+14 1.531869999999999891e+03
8.699400000000000000e+14 1.552410000000000082e+03
8.519370000000000000e+14 1.541630000000000109e+03
7.619060000000000000e+14 1.485289999999999964e+03
8.239980000000000000e+14 1.524589999999999918e+03
8.294040000000000000e+14 1.527920000000000073e+03
7.874020000000000000e+14 1.501680000000000064e+03
8.195670000000000000e+14 1.521849999999999909e+03
7.937260000000000000e+14 1.505690000000000055e+03
8.998230000000000000e+14 1.569990000000000009e+03
8.428800000000000000e+14 1.536150000000000091e+03
7.679530000000000000e+14 1.489210000000000036e+03
8.446840000000000000e+14 1.537240000000000009e+03
7.906130000000000000e+14 1.503720000000000027e+03
7.966680000000000000e+14 1.507549999999999955e+03
7.810190000000000000e+14 1.497609999999999900e+03
7.759340000000000000e+14 1.494349999999999909e+03
8.497840000000000000e+14 1.540329999999999927e+03
5.754960000000000000e+14 1.352670000000000073e+03
7.756690000000000000e+14 1.494180000000000064e+03
8.619900000000000000e+14 1.547670000000000073e+03
7.699750000000000000e+14 1.490519999999999982e+03
7.975180000000000000e+14 1.508079999999999927e+03
7.870930000000000000e+14 1.501480000000000018e+03
7.741900000000000000e+14 1.493230000000000018e+03
7.927400000000000000e+14 1.505059999999999945e+03
7.563800000000000000e+14 1.481690000000000055e+03
7.405980000000000000e+14 1.471309999999999945e+03
7.987680000000000000e+14 1.508869999999999891e+03
7.591840000000000000e+14 1.483519999999999982e+03
8.097200000000000000e+14 1.515730000000000018e+03
7.824070000000000000e+14 1.498500000000000000e+03
7.240940000000000000e+14 1.460299999999999955e+03
7.108420000000000000e+14 1.451339999999999918e+03
7.775790000000000000e+14 1.495410000000000082e+03
7.299290000000000000e+14 1.464220000000000027e+03
7.603870000000000000e+14 1.484299999999999955e+03
7.824730000000000000e+14 1.498539999999999964e+03
7.441280000000000000e+14 1.473650000000000091e+03
6.697740000000000000e+14 1.422829999999999927e+03
7.651190000000000000e+14 1.487380000000000109e+03
7.442380000000000000e+14 1.473720000000000027e+03
7.474050000000000000e+14 1.475809999999999945e+03
7.598000000000000000e+14 1.483920000000000073e+03
7.605240000000000000e+14 1.484390000000000100e+03
7.619650000000000000e+14 1.485329999999999927e+03
7.418830000000000000e+14 1.472160000000000082e+03
8.346890000000000000e+14 1.531160000000000082e+03
7.504120000000000000e+14 1.477789999999999964e+03
6.716660000000000000e+14 1.424170000000000073e+03
6.906260000000000000e+14 1.437450000000000045e+03
6.746210000000000000e+14 1.426259999999999991e+03
8.045500000000000000e+14 1.512500000000000000e+03
7.992450000000000000e+14 1.509170000000000073e+03
7.429290000000000000e+14 1.472859999999999900e+03
7.581790000000000000e+14 1.482869999999999891e+03
6.738560000000000000e+14 1.425720000000000027e+03
7.483530000000000000e+14 1.476430000000000064e+03
6.436550000000000000e+14 1.404089999999999918e+03
6.998490000000000000e+14 1.443819999999999936e+03
7.220280000000000000e+14 1.458910000000000082e+03
7.256020000000000000e+14 1.461319999999999936e+03
6.862530000000000000e+14 1.434410000000000082e+03
7.513560000000000000e+14 1.478400000000000091e+03
7.468020000000000000e+14 1.475410000000000082e+03
7.191860000000000000e+14 1.457000000000000000e+03
6.696000000000000000e+14 1.422710000000000036e+03
6.748770000000000000e+14 1.426440000000000055e+03
7.354730000000000000e+14 1.467910000000000082e+03
7.645050000000000000e+14 1.486980000000000018e+03
7.513970000000000000e+14 1.478430000000000064e+03
8.068220000000000000e+14 1.513920000000000073e+03
7.056780000000000000e+14 1.447819999999999936e+03
7.097330000000000000e+14 1.450589999999999918e+03
6.543770000000000000e+14 1.411849999999999909e+03
7.017130000000000000e+14 1.445099999999999909e+03
6.284060000000000000e+14 1.392920000000000073e+03
6.724070000000000000e+14 1.424700000000000045e+03
6.808710000000000000e+14 1.430650000000000091e+03
7.373840000000000000e+14 1.469180000000000064e+03
7.455060000000000000e+14 1.474559999999999945e+03
7.653500000000000000e+14 1.487529999999999973e+03
7.345260000000000000e+14 1.467279999999999973e+03
6.857170000000000000e+14 1.434029999999999973e+03
7.262630000000000000e+14 1.461759999999999991e+03
6.695590000000000000e+14 1.422680000000000064e+03
7.311100000000000000e+14 1.465000000000000000e+03
7.108730000000000000e+14 1.451359999999999900e+03
7.141840000000000000e+14 1.453609999999999900e+03
6.768430000000000000e+14 1.427819999999999936e+03
7.541130000000000000e+14 1.480210000000000036e+03
5.439370000000000000e+14 1.327480000000000018e+03
7.156660000000000000e+14 1.454619999999999891e+03
6.498100000000000000e+14 1.408549999999999955e+03
7.405820000000000000e+14 1.471299999999999955e+03
6.927570000000000000e+14 1.438930000000000064e+03
7.577450000000000000e+14 1.482579999999999927e+03
7.136020000000000000e+14 1.453220000000000027e+03
7.106100000000000000e+14 1.451180000000000064e+03
7.545500000000000000e+14 1.480500000000000000e+03
6.737510000000000000e+14 1.425640000000000100e+03
6.992620000000000000e+14 1.443420000000000073e+03
6.688610000000000000e+14 1.422190000000000055e+03
5.109200000000000000e+14 1.300059999999999945e+03
6.962890000000000000e+14 1.441369999999999891e+03
7.307340000000000000e+14 1.464750000000000000e+03
6.947480000000000000e+14 1.440299999999999955e+03
7.131620000000000000e+14 1.452920000000000073e+03
6.476620000000000000e+14 1.407000000000000000e+03
6.782840000000000000e+14 1.428829999999999927e+03
6.688190000000000000e+14 1.422160000000000082e+03
6.489250000000000000e+14 1.407910000000000082e+03
6.762870000000000000e+14 1.427430000000000064e+03
6.900750000000000000e+14 1.437069999999999936e+03
6.766550000000000000e+14 1.427690000000000055e+03
7.271860000000000000e+14 1.462380000000000109e+03
7.134140000000000000e+14 1.453089999999999918e+03
7.113450000000000000e+14 1.451680000000000064e+03
7.349900000000000000e+14 1.467589999999999918e+03
5.937030000000000000e+14 1.366789999999999964e+03
6.490020000000000000e+14 1.407970000000000027e+03
7.351170000000000000e+14 1.467680000000000064e+03
6.873250000000000000e+14 1.435150000000000091e+03
6.911570000000000000e+14 1.437819999999999936e+03
6.947980000000000000e+14 1.440339999999999918e+03
6.805860000000000000e+14 1.430450000000000045e+03
6.495120000000000000e+14 1.408339999999999918e+03
7.192630000000000000e+14 1.457049999999999955e+03
6.753360000000000000e+14 1.426759999999999991e+03
6.032310000000000000e+14 1.374059999999999945e+03
6.394560000000000000e+14 1.401029999999999973e+03
6.762900000000000000e+14 1.427430000000000064e+03
6.628800000000000000e+14 1.417940000000000055e+03
6.691740000000000000e+14 1.422410000000000082e+03
6.794760000000000000e+14 1.429670000000000073e+03
7.006930000000000000e+14 1.444400000000000091e+03
6.313310000000000000e+14 1.395069999999999936e+03
6.367680000000000000e+14 1.399069999999999936e+03
6.225350000000000000e+14 1.388559999999999945e+03
6.958410000000000000e+14 1.441059999999999945e+03
6.905420000000000000e+14 1.437390000000000100e+03
7.144880000000000000e+14 1.453819999999999936e+03
6.131920000000000000e+14 1.381579999999999927e+03
6.778260000000000000e+14 1.428509999999999991e+03
